Node 2 sent to backend
  0.997867 -0.0442684 -0.0479866   0.174365
   0.04078   0.996615 -0.0713864   0.196906
 0.0509844  0.0692772   0.996294  0.0130606
         0          0          0          1
Node 3 sent to backend
  0.994271 -0.0902199 -0.0573223  0.0899793
  0.088583   0.995602 -0.0304873   0.149071
 0.0598207  0.0252348    0.99789  0.0320578
         0          0          0          1
Node 4 sent to backend
  0.997961  0.0636528 0.00462124 -0.0566485
-0.0638145   0.996229  0.0587781   0.124582
-0.000862241 -0.0589531    0.99826 -0.0310563
         0          0          0          1
[ INFO] [1356998929.690836516]: FCU: [lpe] lidar init: mean 33 cm stddev 7 cm
Node 5 sent to backend
[ INFO] [1356998929.739829226]: FCU: [lpe] tz resume 
[ INFO] [1356998929.792256690]: FCU: [lpe] lidar fault,  beta 27.06
   0.997777    0.066534 -0.00372571     0.03898
 -0.0663252     0.99695   0.0411351   0.0992191
 0.00645131  -0.0407967    0.999147   0.0310777
          0           0           0           1
Node 6 sent to backend
   0.999545   0.0219918   0.0206477   0.0480718
 -0.0221548    0.999725  0.00769624    0.106261
 -0.0204728 -0.00815046    0.999758   0.0192013
          0           0           0           1
Node 7 sent to backend
  0.997168 -0.0709154  0.0250318 -0.0466562
 0.0721255   0.996075 -0.0513103    0.12489
-0.0212951  0.0529703   0.998369  -0.018663
         0          0          0          1
Node 8 sent to backend
  0.997938  0.0627963  0.0132897 0.00375017
-0.0632679   0.997247  0.0386765  0.0972564
-0.0108244 -0.0394375   0.999164 -0.0413373
         0          0          0          1
Node 9 sent to backend
  0.999616  0.0266766 0.00758979 -0.0180812
-0.0269555   0.998861   0.039378   0.105955
-0.00653068 -0.0395674   0.999196 0.00595883
         0          0          0          1
Node 10 sent to backend
[ INFO] [1356998931.198538359]: FCU: [lpe] flow init: quality 175 std 40
  0.998303 0.00518197  0.0580053 -0.0993138
-0.00752619   0.999161  0.0402685 -0.0535385
-0.0577479 -0.0406366   0.997504  0.0112673
         0          0          0          1
[ INFO] [1356998931.249892501]: FCU: [lpe] xy resume 
[ INFO] [1356998931.357485649]: FCU: [lpe] home lat  40.43 lon -86.93 alt 217.9 m
Node 11 sent to backend
   0.998905  -0.0300807   0.0358363  -0.0514462
  0.0309973      0.9992  -0.0253018    0.117055
 -0.0350465   0.0263848    0.999038 -0.00961233
          0           0           0           1
Node 12 sent to backend
   0.999894   0.0127359 -0.00705124   -0.139198
 -0.0127574    0.999914 -0.00302333   0.0662433
 0.00701215  0.00311282    0.999971   0.0443548
          0           0           0           1
Node 13 sent to backend
  0.998977  0.0141874 -0.0429505   0.125699
-0.0151108    0.99966 -0.0212533   0.114892
 0.0426344  0.0218806   0.998851 0.00712702
         0          0          0          1
Node 14 sent to backend
   0.994122   0.0043849   -0.108175    0.255233
-0.00539089    0.999945 -0.00900903   0.0444291
    0.10813  0.00953922    0.994091  0.00948753
          0           0           0           1
[ INFO] [1356998932.345339221]: FCU: [lpe] flow timeout 
[ INFO] [1356998932.398293929]: FCU: [lpe] xy timeout 
Node 15 sent to backend
   0.998085 -0.00648072  -0.0615253    0.132763
 0.00568023    0.999897  -0.0131797   -0.045343
  0.0616044    0.012805    0.998019  0.00522302
          0           0           0           1
Node 16 sent to backend
   0.998732 0.000966795  -0.0503329    0.190094
  -0.012114    0.975052   -0.221644    0.586039
   0.048863    0.221973    0.973828  -0.0219025
          0           0           0           1
Node 17 sent to backend
    0.999937   -0.0112144 -0.000492446    0.0106268
   0.0111233     0.995812   -0.0907529  -0.00190729
  0.00150819    0.0907418     0.995873   0.00483421
           0            0            0            1
Node 18 sent to backend
  0.999914 0.00603936  0.0116391  0.0916281
-0.0070907   0.995686  0.0925134  -0.300531
-0.0110302 -0.0925882   0.995644  0.0859532
         0          0          0          1
Node 19 sent to backend
   0.985482   0.0287154    0.167333   -0.434762
 -0.0366213    0.998344   0.0443536 -0.00798723
  -0.165783  -0.0498376    0.984902    0.098457
          0           0           0           1
Node 20 sent to backend
   0.998321  -0.0286981   0.0503078  -0.0765969
  0.0283596     0.99957  0.00743175   0.0602259
 -0.0504996 -0.00599238    0.998706   0.0657291
          0           0           0           1
Node 21 sent to backend
  0.996167 -0.0853998  0.0189482 -0.0108128
 0.0869926    0.98989  -0.112031  0.0016779
-0.00918886    0.11325   0.993524 0.00461162
         0          0          0          1
Node 22 sent to backend
   0.998674  -0.0448889  -0.0252214   0.0970866
  0.0436656    0.997934  -0.0471201    -0.10066
  0.0272845   0.0459564    0.998571 -0.00676011
          0           0           0           1
Node 23 sent to backend
   0.997978   0.0626244    0.010928  0.00495769
  -0.062305    0.997679  -0.0274676   -0.129062
 -0.0126227   0.0267313    0.999563 -0.00579088
          0           0           0           1
Node 24 sent to backend
  0.999155   0.028583  0.0295527 -0.0180917
-0.0294535   0.999132  0.0294549 -0.0972235
-0.0286853 -0.0303004   0.999129  0.0151681
         0          0          0          1
Node 25 sent to backend
   0.999535  -0.0303128 -0.00345896  0.00320597
  0.0298442    0.994981  -0.0955105  0.00446004
 0.00633674   0.0953628    0.995423 -0.00193855
          0           0           0           1
Node 26 sent to backend
  0.999146 -0.0381662 -0.0158639 -0.0106032
 0.0378146   0.999045 -0.0219007 -0.0999448
 0.0166845  0.0212822   0.999635  0.0232614
         0          0          0          1
Node 27 sent to backend
  0.999083  0.0369261 -0.0216643 -0.0415725
-0.0356163   0.997681   0.058014  -0.101724
 0.0237562 -0.0571893   0.998081  0.0191885
         0          0          0          1

Node 28 sent to backend
  0.992712   0.102735 -0.0629917  0.0128662
-0.0939761    0.98718   0.129011 -0.0231738
 0.0754384  -0.122151   0.989641 0.00217569
         0          0          0          1

Node 29 sent to backend
   0.999009   0.0306659   0.0322793   -0.117155
 -0.0308527     0.99951  0.00530407  -0.0406341
 -0.0321009 -0.00629473    0.999465   0.0121193
          0           0           0           1
