Transofrmation estimate 
transformation number 1
   0.999911  0.00177361  -0.0131289  0.00558794
-0.000287046    0.993665    0.112379 -0.00791503
  0.0132455   -0.112366    0.993578  -0.0046241
          0           0           0           1
transformation number 2
   0.999954 -0.00908235 -0.00304833 0.000263077
  0.0093326    0.995356   0.0958072 -0.00272326
 0.00216389  -0.0958312    0.995395   0.0023595
          0           0           0           1
transformation number 3
   0.999977  0.00564706   0.0034301 -0.00410876
-0.00596574    0.994835    0.101327 -0.00121245
-0.00284061   -0.101345    0.994847  0.00498748
          0           0           0           1
transformation number 4
    0.999901    0.0137676   -0.0025968 -0.000349922
  -0.0134332     0.994753     0.101416  0.000386074
  0.00397948    -0.101371     0.994841   0.00187685
           0            0            0            1
transformation number 5
   0.999912   0.0124037    -0.00461  0.00156317
  -0.011871    0.994745    0.101682 -0.00303797
 0.00584689   -0.101618    0.994805  0.00168274
          0           0           0           1
transformation number 6
   0.999908   0.0130572 -0.00329986 0.000945259
 -0.0126345    0.994304    0.105825 -0.00049261
  0.0046629   -0.105774    0.994379  0.00187921
          0           0           0           1
transformation number 7
   0.999949 -0.00311553 -0.00958113  0.00287249
 0.00406903    0.994861    0.101161  0.00355301
 0.00921638   -0.101195    0.994823  0.00184053
          0           0           0           1
transformation number 8
   0.999988  0.00289994 -0.00358179  0.00104723
-0.00256759    0.995978   0.0895519  0.00427288
 0.00382723  -0.0895418    0.995975  0.00248117
          0           0           0           1
transformation number 9
    0.999781    0.0207359  -0.00281416 -8.96004e-05
  -0.0203743     0.995254    0.0951557  -0.00474125
  0.00477387   -0.0950775     0.995458  -0.00547604
           0            0            0            1
transformation number 10
   0.998769  -0.0486973 -0.00942692 -0.00176825
  0.0495988    0.978597    0.199715 -0.00385189
-0.000500608   -0.199937    0.979808  0.00533821
          0           0           0           1
transformation number 11
     0.9988   0.0470662   -0.013445 -0.00244837
 -0.0439563    0.983281    0.176704  -0.0223815
   0.021537   -0.175902    0.984171  -0.0538341
          0           0           0           1
transformation number 12
   0.994836  -0.0866135   0.0528992  -0.0490007
  0.0864345     0.99624  0.00566667   -0.053011
 -0.0531911 -0.00106496    0.998583  0.00684008
          0           0           0           1
