Rx,Ry,Rz,T
   0.999386 -0.00635605   0.0344552  -0.0936169
  0.0067178    0.999923  -0.0103917   0.0383605
 -0.0343865   0.0106167    0.999352 -0.00858171
          0           0           0           1

   0.998834  -0.0410412  -0.0254232    0.103752
  0.0384512    0.994723  -0.0951171    0.226985
  0.0291928   0.0940287    0.995141 -0.00810063
          0           0           0           1

  0.998021 -0.0596567 -0.0198553  0.0699184
  0.059041   0.997796 -0.0302721  -0.075344
 0.0216176    0.02904   0.999345 -0.0108167
         0          0          0          1

  0.996141  0.0827589  0.0292159 -0.0633116
-0.0850177    0.99256  0.0871606  0.0222094
-0.0217853  -0.089308   0.995766 0.00195196
         0          0          0          1

    0.999617   -0.0276564 -0.000964016    0.0138579
   0.0276635     0.999584   0.00825214     0.107998
 0.000735246  -0.00827575     0.999966   0.00780051
           0            0            0            1

   0.999795   -0.016566   0.0116838  -0.0181766
  0.0165493    0.999862  0.00149798   0.0984557
 -0.0117069 -0.00130466    0.999931 -0.00172207
          0           0           0           1

    0.99983  0.00456963   0.0178925  -0.0261025
-0.00442144    0.999956 -0.00831923    0.168821
 -0.0179297  0.00823858    0.999806  0.00263355
          0           0           0           1

   0.995601 -0.00927878  -0.0932267    0.446304
 -0.0159766    0.963692   -0.266536     1.28937
   0.092315    0.266853    0.959305  -0.0979687
          0           0           0           1

   0.999916  -0.0122285 -0.00424641  0.00522007
  0.0124021    0.998973   0.0435786    0.110045
 0.00370908  -0.0436278    0.999041   0.0144677
          0           0           0           1

  0.989724  0.0122414   0.142467  -0.461674
-0.0061446    0.99905 -0.0431573   0.224302
  -0.14286  0.0418384   0.988858  0.0855456
         0          0          0          1

   0.999459  0.00408516   0.0326443  -0.0555507
 -0.0032853    0.999694  -0.0245169   0.0828646
 -0.0327344   0.0243964    0.999166 -0.00965741
          0           0           0           1

   0.999377 -0.00663973   0.0346676  -0.0840615
 0.00558649    0.999523   0.0303881  -0.0886229
 -0.0348528  -0.0301752    0.998937     0.04579
          0           0           0           1

  0.998353  0.0541796 -0.0188594  0.0457678
 -0.051239   0.989977   0.131603  -0.373066
 0.0258005   -0.13042   0.991123  0.0424083
         0          0          0          1

  0.999413 -0.0164139  0.0300686   -0.12054
 0.0178517   0.998679 -0.0481844   0.154076
-0.0292379  0.0486929   0.998386 0.00686855
         0          0          0          1

   0.998479   0.0246968   0.0492991   -0.109535
 -0.0251276    0.999651  0.00813818     0.10165
  -0.049081 -0.00936472    0.998751   0.0452825
          0           0           0           1

   0.999494  0.00205924  -0.0317428   0.0818009
-0.00210892    0.999997 -0.00152946  -0.0620337
  0.0317395  0.00159553    0.999495   0.0227599
          0           0           0           1

  0.999743  0.0161646 -0.0158959 0.00952861
-0.0158284   0.999653  0.0210538  -0.106549
 0.0162308 -0.0207967   0.999652 0.00576536
         0          0          0          1

  0.998514 -0.0316051 -0.0443842   0.154476
 0.0294571   0.998401 -0.0482416 -0.0138733
 0.0458378  0.0468624   0.997849 -0.0282204
         0          0          0          1

   0.999994  0.00235869 -0.00280272   0.0124566
-0.00234741    0.999989    0.004013   -0.102862
 0.00281225 -0.00400656    0.999988  -0.0110836
          0           0           0           1

  0.999339  -0.014908 -0.0331725    0.12854
 0.0118558   0.995837 -0.0903748   0.283077
 0.0343817  0.0899217   0.995355 -0.0482475
         0          0          0          1

    0.998119   -0.0508791    0.0341959    -0.122549
   0.0519608     0.998151   -0.0315255    -0.087152
  -0.0325286    0.0332431     0.998918 -0.000848729
           0            0            0            1

  0.998132 -0.0551802  0.0262216 -0.0960827
 0.0564718   0.997082 -0.0513634 -0.0618492
 -0.023311  0.0527482   0.998336 -0.0306148
         0          0          0          1

  0.998895 -0.0289196  -0.037032  0.0239189
 0.0285468   0.999537  -0.010556   -0.10712
 0.0373201 0.00948724   0.999258   0.029973
         0          0          0          1

  0.999924 -0.0053921  0.0111283 -0.0538603
0.00553229   0.999905 -0.0126263   -0.13625
-0.0110592   0.012687   0.999858  0.0181514
         0          0          0          1

   0.999278  -0.0310843  -0.0218426   0.0686185
  0.0309523    0.999501 -0.00635739    -0.13046
  0.0220293  0.00567675    0.999741   0.0240776
          0           0           0           1

  0.999282  0.0269399 -0.0266572 -0.0163019
-0.0260477   0.999107  0.0332668  -0.110357
 0.0275296 -0.0325488   0.999091  0.0158396
         0          0          0          1

   0.999637    0.025126 -0.00976315   0.0180796
  -0.025533    0.998701  -0.0440929    0.325508
 0.00864261   0.0443262     0.99898  -0.0452023
          0           0           0           1

