Transofrmation estimate 
transformation number 1
    0.981934      0.13308     0.134512  -0.00349128
   -0.129438     0.990951   -0.0355048   0.00423306
    -0.13802    0.0174525     0.990275 -0.000256167
           0            0            0            1
transformation number 2
   0.997341  -0.0721175   0.0104309  -0.0572319
   0.072076    0.997389  0.00430819   0.0200427
 -0.0107144 -0.00354519    0.999936  0.00868101
          0           0           0           1
transformation number 3
  0.995101 -0.0252404 -0.0955752 -0.0185347
 0.0314701   0.997437  0.0642443 0.00560748
 0.0937088 -0.0669371   0.993346  0.0465713
         0          0          0          1
transformation number 4
  0.997391  0.0487456 -0.0532344 -0.0784474
 -0.049746   0.998606 -0.0176341 -0.0762275
 0.0523007  0.0202364   0.998426  0.0627105
         0          0          0          1
transformation number 5
   0.999911   0.0131483 -0.00171922  -0.0450845
 -0.0131774    0.999742  -0.0184604  -0.0417334
 0.00147621   0.0184813    0.999827   0.0806229
          0           0           0           1
transformation number 6
  0.996518  0.0149364   0.082023 -0.0494645
-0.00854447   0.996937 -0.0777325 -0.0206972
-0.0829329   0.076761   0.993594  0.0808624
         0          0          0          1
transformation number 7
  0.999688  0.0102874 -0.0227508  0.0303757
-0.0105561   0.999875 -0.0117195 -0.0205435
 0.0226276   0.011956   0.999672   0.111697
         0          0          0          1
transformation number 8
  0.999324  0.0189847  -0.031453  0.0684853
-0.0172065   0.998289  0.0558751 0.00581043
 0.0324599 -0.0552963   0.997942   0.078695
         0          0          0          1
transformation number 9
  0.993124   0.033051   0.112304  0.0739018
-0.0399543   0.997411  0.0597846  0.0157468
 -0.110037 -0.0638604   0.991873 0.00391862
         0          0          0          1
transformation number 10
   0.995563  -0.0137329   0.0930862   0.0564747
  0.0136871    0.999905  0.00113104  0.00553436
 -0.0930931 0.000148177    0.995657  0.00738066
          0           0           0           1
transformation number 11
  0.999042  -0.042566   0.010068   0.100127
 0.0429415   0.998252 -0.0406009 -0.0174779
-0.00832218  0.0409944   0.999124  0.0643637
         0          0          0          1
transformation number 12
  0.999322 -0.0174919 -0.0323724  0.0750842
 0.0153316   0.997713 -0.0658251 -0.0354027
 0.0334499  0.0652841   0.997306  0.0863717
         0          0          0          1
transformation number 13
    0.997821   -0.0441456   -0.0490188    0.0867993
   0.0417685     0.997948   -0.0485049 -0.000417855
   0.0510598    0.0463518     0.997619    0.0862261
           0            0            0            1
transformation number 14
  0.996126 -0.0026899 -0.0878848   0.081771
0.000625163   0.999723 -0.0235125 -0.0102561
 0.0879237  0.0233665   0.995853  0.0635641
         0          0          0          1
transformation number 15
   0.998604 -0.00963086  -0.0519146    0.103549
 0.00866005    0.999783  -0.0188904 -0.00813518
  0.0520852   0.0184146    0.998472    0.054407
          0           0           0           1
transformation number 16
   0.998673   0.0156263   0.0490639    0.112762
 -0.0155195    0.999875 -0.00255443   0.0107791
 -0.0490982  0.00178945    0.998792   0.0337482
          0           0           0           1
transformation number 17
   0.997418   0.0525957   0.0488858    0.111587
 -0.0537635    0.998291   0.0228885 -0.00959302
 -0.0475985  -0.0254576    0.998541   0.0376892
          0           0           0           1
transformation number 18
   0.997582   0.0513002   0.0468767   0.0990402
 -0.0515869    0.998656    0.004927  -0.0013487
 -0.0465609 -0.00733335    0.998888   0.0286905
          0           0           0           1
transformation number 19
     0.99812  -0.00745013     0.060826     0.113378
  0.00742814     0.999972  0.000587776   0.00991022
  -0.0608288 -0.000134811     0.998147    0.0284824
           0            0            0            1
transformation number 20
  0.999345  -0.015985 -0.0324453   0.125788
 0.0154455   0.999739 -0.0168088  0.0138328
 0.0327054  0.0162968   0.999331  0.0187742
         0          0          0          1
transformation number 21
    0.999853    0.0081187   -0.0150862     0.117456
 -0.00811182     0.999966  0.000516474   0.00285857
     0.01509 -0.000394061     0.999885 -0.000977648
           0            0            0            1
transformation number 22
   0.998651 -0.00653421   0.0514917    0.114766
 0.00609202    0.999943  0.00873893  0.00457444
 -0.0515459 -0.00841346    0.998635  0.00592802
          0           0           0           1
transformation number 23
  0.999124 0.00851794   0.040944   0.088149
-0.0076668   0.999752 -0.0209007  0.0339158
-0.0411121  0.0205685   0.998942  0.0346332
         0          0          0          1
transformation number 24
   0.999983 1.38432e-05  0.00580556   0.0970188
-0.000208214    0.999439   0.0334822   0.0128132
-0.00580171  -0.0334828    0.999422   0.0466816
          0           0           0           1
transformation number 25
    0.99937 -0.00994238   0.0340394    0.101134
  0.0102342    0.999911 -0.00840604  0.00191644
 -0.0339526  0.00874919    0.999384   0.0679812
          0           0           0           1
transformation number 26
  0.999682 -0.0220845 -0.0120941  0.0971923
 0.0219599   0.999705  -0.010339  0.0144803
  0.012319  0.0100702   0.999873  0.0582053
         0          0          0          1
transformation number 27
  0.997821 -0.0186362 -0.0632916   0.123666
  0.017556   0.999691 -0.0175793  0.0162287
 0.0635998    0.01643   0.997839  0.0461809
         0          0          0          1
transformation number 28
  0.999167  0.0277939 -0.0298512   0.103576
-0.0272384   0.999451  0.0188544 -0.0050516
 0.0303588 -0.0180258   0.999376  0.0216958
         0          0          0          1
transformation number 29
    0.997352 -0.000720307    0.0727071      0.13193
 -0.00128078     0.999621    0.0274719  0.000771329
  -0.0726994   -0.0274923     0.996974    0.0123897
           0            0            0            1
transformation number 30
  0.994949   0.034648  0.0942042   0.112274
-0.0329579   0.999267 -0.0194384  0.0223217
-0.0948087  0.0162354   0.995363  0.0210715
         0          0          0          1
transformation number 31
  0.999106   0.025303  0.0338618   0.120124
 -0.026368   0.999159  0.0313846 -0.0157365
-0.0330392 -0.0322493   0.998933  0.0360793
         0          0          0          1
transformation number 32
  0.999884  -0.014132 0.00554106   0.104491
 0.0140199   0.999706  0.0197656 -0.0133237
-0.00581873 -0.0196857   0.999789  0.0345752
         0          0          0          1
transformation number 33
   0.998255 -0.00485824  -0.0588232    0.110161
 0.00398231    0.999879  -0.0149996   0.0131232
   0.058889   0.0147392    0.998155   0.0316846
          0           0           0           1
transformation number 34
   0.997358  0.00963715  -0.0719892    0.110994
-0.00973597    0.999952 -0.00102195  0.00798128
  0.0719759  0.00172028    0.997404   0.0222983
          0           0           0           1
transformation number 35
    0.999994 -0.000245243  -0.00325949     0.112357
  0.00028415     0.999927    0.0119751 -0.000247333
  0.00325619   -0.0119759     0.999922    0.0104672
           0            0            0            1
transformation number 36
   0.996446  -0.0151851   0.0828425    0.109259
  0.0155359    0.999872 -0.00359195   0.0350427
 -0.0827776  0.00486627    0.996555 0.000770186
          0           0           0           1
transformation number 37
  0.994789 -0.0246618  0.0989282  0.0748397
 0.0199749   0.998643  0.0480916   0.027317
-0.0999801 -0.0458647   0.993932  0.0225393
         0          0          0          1
transformation number 38
  0.997725 -0.0489942 -0.0462766   0.102692
 0.0494137   0.998746 0.00796472  0.0270081
 0.0458283 -0.0102333   0.998896 -0.0473368
         0          0          0          1
transformation number 39
  0.998081 0.00727972 -0.0614745  0.0595147
-0.00622526    0.99983  0.0173318  0.0233588
 0.0615901 -0.0169159   0.997957 -0.0862001
         0          0          0          1
transformation number 40
   0.995341 -0.00908223   0.0959773   0.0163883
  0.0093621    0.999953 -0.00246584   0.0195545
 -0.0959504  0.00335275     0.99538  -0.0505188
          0           0           0           1
transformation number 41
    0.995402   -0.0340021    0.0895433 -0.000919648
   0.0336918     0.999419   0.00497273   0.00523737
  -0.0896603  -0.00193298      0.99597   -0.0286259
           0            0            0            1
transformation number 42
    0.994671    0.0110869      0.10249    0.0260676
  -0.0104999     0.999924  -0.00626522 -0.000932731
   -0.102552    0.0051557     0.994713   -0.0191211
           0            0            0            1
transformation number 43
   0.995538 -0.00483548   0.0942264   0.0100241
 0.00545889    0.999964 -0.00636095 -0.00809173
 -0.0941925  0.00684699     0.99553  -0.0225921
          0           0           0           1
transformation number 44
   0.995678 -0.00548836   0.0927028   0.0105776
 0.00532609    0.999983  0.00199938 -0.00477911
 -0.0927121 -0.00149688    0.995691  -0.0170437
          0           0           0           1
transformation number 45
   0.998811 -0.00536279   0.0484376 -0.00334847
  0.0059768    0.999903  -0.0125394   0.0181148
 -0.0483657   0.0128138    0.998747 -0.00677829
          0           0           0           1
transformation number 46
   0.999302 0.000632644   0.0373478  0.00454412
-0.000918895     0.99997  0.00765055 0.000732242
 -0.0373421 -0.00767979    0.999273  0.00620241
          0           0           0           1
transformation number 47
   0.996419 -0.00765121   0.0841913   0.0213965
 0.00628066    0.999842   0.0165313   0.0067646
 -0.0843048  -0.0159433    0.996311  -0.0153194
          0           0           0           1
transformation number 48
   0.995926  -0.0129601   0.0892343   0.0061758
  0.0123565    0.999896  0.00731507  0.00672286
 -0.0893204 -0.00618247    0.995983  -0.0239903
          0           0           0           1
transformation number 49
    0.994774  -0.00820865     0.101761     0.012795
  0.00897843     0.999934   -0.0071097 -0.000906525
   -0.101696   0.00798616     0.994783  -0.00922355
           0            0            0            1
transformation number 50
    0.994547  -0.00505814     0.104158     0.029515
  0.00494701     0.999986   0.00132756  -0.00931678
   -0.104163 -0.000805005     0.994559   -0.0108815
           0            0            0            1
transformation number 51
    0.99563    0.010207   0.0928183     0.01881
    -0.0105    0.999941   0.0026697 0.000199233
 -0.0927856  -0.0036326    0.995679 -0.00774386
          0           0           0           1
transformation number 52
   0.994753  -0.0116557    0.101636    0.040453
  0.0121732    0.999915 -0.00447601  0.00636328
  -0.101575  0.00568956    0.994811  -0.0225532
          0           0           0           1
transformation number 53
    0.996298  -0.00772481    0.0856105    0.0244131
  0.00780857     0.999969 -0.000643432   0.00722101
  -0.0856028   0.00130984     0.996328   -0.0113104
           0            0            0            1
transformation number 54
   0.99921 -0.0129233  0.0375617 -0.0283109
 0.0123002   0.999783  0.0167721  0.0116152
-0.0377703 -0.0162968   0.999153  0.0990944
         0          0          0          1
transformation number 55
   0.999102   -0.019497   0.0375872  -0.0599391
  0.0197932    0.999775 -0.00752491  -0.0154728
 -0.0374318  0.00826237    0.999264   0.0944939
          0           0           0           1
transformation number 56
   0.999354 -0.00654981    0.035314  -0.0362996
 0.00669552    0.999969 -0.00400853 -0.00846174
 -0.0352867   0.0042426    0.999368    0.105889
          0           0           0           1
transformation number 57
   0.999612  0.00695228   0.0269192   0.0871788
-0.00686831     0.99997 -0.00320894  -0.0059731
 -0.0269408  0.00302285    0.999632   0.0873629
          0           0           0           1
transformation number 58
   0.999744 -0.00430796   0.0221595   0.0917624
 0.00455689    0.999926  -0.0111911 -0.00526494
 -0.0221095   0.0112893    0.999691   0.0544776
          0           0           0           1
transformation number 59
    0.996384    0.0316539     0.078838    0.0978836
  -0.0315731     0.999498  -0.00226797   -0.0133701
    -0.07887 -0.000229478     0.996885    0.0162726
           0            0            0            1
transformation number 60
   0.996447  0.00708476   0.0839186   0.0817469
-0.00801888    0.999909   0.0108065 0.000507275
 -0.0838342  -0.0114412    0.996414  0.00317787
          0           0           0           1
transformation number 61
   0.997268  0.00856128    0.073362   0.0924069
 -0.0114044    0.999196   0.0384226 -0.00941593
 -0.0729743  -0.0391543    0.996564   0.0496956
          0           0           0           1
transformation number 62
  0.999098 -0.0145905  0.0398541  0.0986291
 0.0125628   0.998636   0.050662  0.0116647
 -0.040539 -0.0501156    0.99792  0.0322921
         0          0          0          1
transformation number 63
      0.995 -0.00292441  -0.0998281   0.0916969
 0.00167865    0.999919  -0.0125611  0.00306199
  0.0998568   0.0123308    0.994925  -0.0101284
          0           0           0           1
transformation number 64
   0.999249 -0.00282916   0.0386378   0.0957511
 0.00438741    0.999178  -0.0403018  0.00606504
  -0.038492   0.0404411     0.99844  -0.0321223
          0           0           0           1
transformation number 65
    0.997139     0.025945    0.0709871     0.113832
  -0.0259739     0.999662 -0.000516906   -0.0462043
  -0.0709765  -0.00132836     0.997476    0.0280589
           0            0            0            1
transformation number 66
  0.998681  0.0233577  0.0457091   0.115803
-0.0246451   0.999309  0.0278073  0.0388872
 -0.045028 -0.0288972   0.998567  0.0652291
         0          0          0          1
transformation number 67
   0.999842   0.0127936  -0.0122917   0.0955564
 -0.0127147    0.999898  0.00648049   0.0250884
  0.0123733 -0.00632316    0.999903   0.0383297
          0           0           0           1
transformation number 68
  0.997311 -0.0189681 -0.0707892  0.0919548
 0.0202095   0.999653  0.0168592   0.032075
  0.070445 -0.0182445   0.997348  0.0179743
         0          0          0          1
transformation number 69
   0.999268 -0.00478674  -0.0379493     0.11186
 0.00516112    0.999939  0.00977616  0.00335707
  0.0379002 -0.00996487    0.999231  -0.0158774
          0           0           0           1
transformation number 70
  0.987067 0.00696675   0.160148   0.263706
-0.00408139   0.999822 -0.0183385  0.0123819
 -0.160248  0.0174477   0.986922  0.0348574
         0          0          0          1
transformation number 71
  0.999249   -0.02807 -0.0267202  0.0634535
 0.0283809   0.999533  0.0113319 0.00192669
 0.0263896 -0.0120818   0.999578  0.0827594
         0          0          0          1
transformation number 72
  0.996996  0.0501446 -0.0590106  0.0609217
-0.0519529   0.998213 -0.0295207 -0.0248424
 0.0574248  0.0324979    0.99782  0.0802468
         0          0          0          1
transformation number 73
   0.996948  -0.0118825  -0.0771554     0.10189
  0.0122353    0.999917  0.00410074   0.0124321
  0.0771002 -0.00503225    0.997011   0.0048522
          0           0           0           1
transformation number 74
   0.999173  0.00519779  -0.0403148    0.105306
-0.00542602    0.999969 -0.00555335   0.0231943
  0.0402845  0.00576752    0.999171  -0.0174758
          0           0           0           1
transformation number 75
   0.999903  -0.0123064 -0.00639625    0.107329
  0.0120662    0.999266  -0.0363187    0.015321
 0.00683844   0.0362381    0.999319  -0.0265999
          0           0           0           1
transformation number 76
   0.995269 -0.00459099    0.097042   0.0982266
 0.00554394    0.999938 -0.00955264 -0.00286407
 -0.0969922   0.0100454    0.995234  0.00962214
          0           0           0           1
transformation number 77
   0.997911   0.0110719   0.0636387   0.0864183
 -0.0115388    0.999909  0.00697309   0.0110837
 -0.0635558 -0.00769284    0.997948   0.0514152
          0           0           0           1
transformation number 78
   0.999114  -0.0230814   0.0351704   0.0627118
  0.0229793     0.99973  0.00330221   0.0108709
 -0.0352373 -0.00249114    0.999375   0.0847457
          0           0           0           1
transformation number 79
     0.99586   -0.0157737    0.0895125    0.0615943
   0.0131008     0.999452    0.0303693  -0.00394174
  -0.0899429   -0.0290709     0.995522 -0.000115206
           0            0            0            1
transformation number 80
  0.994977 0.00116831   0.100099  0.0211796
-0.00435185   0.999491  0.0315885  0.0031224
 -0.100011 -0.0318653   0.994475  -0.017201
         0          0          0          1
transformation number 81
  0.995278 -0.0188064  0.0952189 0.00159727
 0.0164988   0.999551  0.0249636 0.00251014
-0.0956455 -0.0232749   0.995142 -0.0128058
         0          0          0          1
transformation number 82
  0.994734 -0.0291197  0.0982566  0.0114572
 0.0269878   0.999372  0.0229574  0.0111806
-0.0988637  -0.020185   0.994895 -0.0279298
         0          0          0          1
transformation number 83
   0.996029  -0.0095024   0.0885133   0.0168364
 0.00910822    0.999946  0.00485727  0.00411155
 -0.0885547 -0.00403181    0.996062  -0.0214379
          0           0           0           1
transformation number 84
   0.994142  -0.0251713    0.105105   0.0224581
  0.0261229    0.999629 -0.00768071  0.00117579
  -0.104873   0.0103817    0.994431  -0.0198777
          0           0           0           1
transformation number 85
   0.995921  -0.0115547   0.0894732   0.0373142
  0.0119047    0.999923 -0.00338092  0.00170076
 -0.0894272  0.00443235    0.995983  -0.0245073
          0           0           0           1
transformation number 86
   0.99808 -0.0217205  -0.057989  0.0767497
 0.0209892   0.999692 -0.0131949 0.00823444
 0.0582576  0.0119528    0.99823  0.0690109
         0          0          0          1
transformation number 87
  0.993806  0.0155734   0.110025  0.0613622
 -0.013167   0.999658 -0.0225647 -0.0154661
 -0.110339  0.0209762   0.993672  0.0449737
         0          0          0          1
transformation number 88
   0.996242 -0.00439285   0.0864944   0.0186933
 0.00544202    0.999914  -0.0118965  -0.0157786
 -0.0864348   0.0123224    0.996181   0.0143261
          0           0           0           1
transformation number 89
   0.993538   0.0115926    0.112903   0.0211171
-0.00940639    0.999757  -0.0198776 -0.00989781
  -0.113106   0.0186871    0.993407  0.00390549
          0           0           0           1
transformation number 90
   0.996383   0.0184382   0.0829414   0.0139108
 -0.0185658    0.999826 0.000766516 -0.00484351
 -0.0829129 -0.00230357    0.996554 6.55719e-05
          0           0           0           1
transformation number 91
   0.994546   0.0101269    0.103798   0.0249505
-0.00934702    0.999924 -0.00799417 -0.00501123
  -0.103871  0.00698036    0.994566  -0.0139831
          0           0           0           1
transformation number 92
   0.99554 -0.0291917  0.0896996  0.0993057
 0.0279528   0.999496  0.0150379 0.00838121
-0.0900934 -0.0124634   0.995855 -0.0211922
         0          0          0          1
transformation number 93
   0.995951 -0.00266635   0.0898544   0.0863578
 0.00544772    0.999512  -0.0307255 -0.00146393
 -0.0897287   0.0310904     0.99548  -0.0165035
          0           0           0           1
transformation number 94
    0.996116   0.00226697    0.0880127    0.0821528
 -0.00219434     0.999996 -0.000920221   0.00488892
  -0.0880143   0.00072363     0.996118   -0.0265539
           0            0            0            1
transformation number 95
   0.995661   0.0156552   0.0917232   0.0771822
 -0.0155832    0.999877 -0.00150412   0.0010973
 -0.0917355 6.82324e-05    0.995783  -0.0144155
          0           0           0           1
transformation number 96
  0.997855  0.0055571  0.0652159  0.0914349
-0.00793737   0.999308   0.036295 0.00941122
-0.0649691  -0.036735    0.99721  0.0283865
         0          0          0          1
transformation number 97
   0.999127 -0.00549254   0.0414026   0.0890861
 0.00538221    0.999981  0.00277973   0.0018967
 -0.0414171 -0.00255444    0.999138   0.0454152
          0           0           0           1
transformation number 98
   0.998153  -0.0217777   0.0567026    0.104145
  0.0219415    0.999756  -0.0022687 -0.00670002
 -0.0566393  0.00350867    0.998388   0.0111305
          0           0           0           1
transformation number 99
   0.998663 -0.00491107  -0.0514473    0.117718
 0.00440979    0.999941  -0.0098547  0.00795481
  0.0514927  0.00961491    0.998626   0.0306266
          0           0           0           1
transformation number 100
   0.999339   0.0224496  -0.0285651    0.105481
 -0.0226116    0.999729 -0.00536659 -0.00153553
  0.0284371  0.00600874    0.999577  0.00759837
          0           0           0           1
transformation number 101
   0.998706  0.00450409   0.0506545    0.115987
-0.00482842    0.999968    0.006286   0.0147864
 -0.0506245 -0.00652239    0.998696  0.00611917
          0           0           0           1
transformation number 102
  0.998943  0.0263583 -0.0376298  0.0864261
-0.0254665   0.999387  0.0239863  0.0044493
 0.0382391 -0.0230027   0.999003   0.049248
         0          0          0          1
transformation number 103
   0.999337   0.0183681  -0.0314144   0.0996392
 -0.0180725    0.999789  0.00966164  -0.0126498
  0.0315852 -0.00908768    0.999459   0.0388517
          0           0           0           1
transformation number 104
  0.998148 -0.0394786 -0.0462463   0.100326
 0.0383398   0.998945 -0.0252606  0.0135253
 0.0471946  0.0234408    0.99861  0.0163487
         0          0          0          1
transformation number 105
   0.996035 -0.00221704  -0.0889309    0.107223
 0.00142734    0.999958 -0.00894332   0.0060967
  0.0889468   0.0087809    0.995997 -0.00207078
          0           0           0           1
transformation number 106
  0.999855  0.0121245  0.0119285   0.119466
-0.0117286   0.999395 -0.0327064 0.00857109
-0.0123178  0.0325618   0.999393 -0.0220681
         0          0          0          1
transformation number 107
   0.994187 -0.00616544    0.107485   0.0626395
 0.00439483     0.99985   0.0167038   0.0103413
  -0.107572  -0.0161344    0.994066  -0.0247247
          0           0           0           1
transformation number 108
   0.996086  0.00853502   0.0879653   0.0728704
  -0.012987    0.998656   0.0501618 0.000926875
 -0.0874189  -0.0511078    0.994859   0.0106871
          0           0           0           1
transformation number 109
  0.994888 0.00156965   0.100964  0.0789994
-0.00479745   0.999484   0.031735  0.0119823
 -0.100862 -0.0320572   0.994383  0.0385169
         0          0          0          1
transformation number 110
   0.99979 -0.0184032 0.00892863  0.0862088
 0.0185471   0.999694 -0.0163043 0.00713608
-0.00862584  0.0164663   0.999827  0.0674187
         0          0          0          1
transformation number 111
    0.997598  -0.00461039   -0.0691063    0.0980038
  0.00494863     0.999976   0.00472608 -0.000384378
   0.0690828  -0.00505647     0.997597    0.0424751
           0            0            0            1
transformation number 112
   0.998498   0.0265236  -0.0479351     0.12529
 -0.0270584    0.999578  -0.0105383 -0.00222832
  0.0476355   0.0118197    0.998794   0.0175113
          0           0           0           1
transformation number 113
   0.999991  0.00321326 -0.00252831    0.113492
-0.00324578     0.99991  -0.0129647  0.00455881
 0.00248645   0.0129724    0.999912   0.0396889
          0           0           0           1
transformation number 114
   0.999859   0.0157894 -0.00543993    0.104901
 -0.0158112    0.999866 -0.00397545  0.00313602
 0.00537641  0.00406078    0.999976   0.0561388
          0           0           0           1
transformation number 115
   0.999616   0.0198946   0.0192205   0.0889471
 -0.0200043    0.999784  0.00552991  -0.0165764
 -0.0191064 -0.00591224    0.999799   0.0609084
          0           0           0           1
