# name: debug
# type: sparse matrix
# nnz: 3708
# rows: 210
# columns: 210

1 1 -nan
2 1 -nan
3 1 -nan
4 1 -nan
5 1 -nan
6 1 -nan
7 1 -nan
8 1 -nan
9 1 -nan
10 1 -nan
11 1 -nan
12 1 -nan
1 2 -nan
2 2 -nan
3 2 -nan
4 2 -nan
5 2 -nan
6 2 -nan
7 2 -nan
8 2 -nan
9 2 -nan
10 2 -nan
11 2 -nan
12 2 -nan
1 3 -nan
2 3 -nan
3 3 -nan
4 3 -nan
5 3 -nan
6 3 -nan
7 3 -nan
8 3 -nan
9 3 -nan
10 3 -nan
11 3 -nan
12 3 -nan
1 4 -nan
2 4 -nan
3 4 -nan
4 4 -nan
5 4 -nan
6 4 -nan
7 4 -nan
8 4 -nan
9 4 -nan
10 4 -nan
11 4 -nan
12 4 -nan
1 5 -nan
2 5 -nan
3 5 -nan
4 5 -nan
5 5 -nan
6 5 -nan
7 5 -nan
8 5 -nan
9 5 -nan
10 5 -nan
11 5 -nan
12 5 -nan
1 6 -nan
2 6 -nan
3 6 -nan
4 6 -nan
5 6 -nan
6 6 -nan
7 6 -nan
8 6 -nan
9 6 -nan
10 6 -nan
11 6 -nan
12 6 -nan
1 7 -nan
2 7 -nan
3 7 -nan
4 7 -nan
5 7 -nan
6 7 -nan
7 7 -nan
8 7 -nan
9 7 -nan
10 7 -nan
11 7 -nan
12 7 -nan
13 7 -nan
14 7 -nan
15 7 -nan
16 7 -nan
17 7 -nan
18 7 -nan
1 8 -nan
2 8 -nan
3 8 -nan
4 8 -nan
5 8 -nan
6 8 -nan
7 8 -nan
8 8 -nan
9 8 -nan
10 8 -nan
11 8 -nan
12 8 -nan
13 8 -nan
14 8 -nan
15 8 -nan
16 8 -nan
17 8 -nan
18 8 -nan
1 9 -nan
2 9 -nan
3 9 -nan
4 9 -nan
5 9 -nan
6 9 -nan
7 9 -nan
8 9 -nan
9 9 -nan
10 9 -nan
11 9 -nan
12 9 -nan
13 9 -nan
14 9 -nan
15 9 -nan
16 9 -nan
17 9 -nan
18 9 -nan
1 10 -nan
2 10 -nan
3 10 -nan
4 10 -nan
5 10 -nan
6 10 -nan
7 10 -nan
8 10 -nan
9 10 -nan
10 10 -nan
11 10 -nan
12 10 -nan
13 10 -nan
14 10 -nan
15 10 -nan
16 10 -nan
17 10 -nan
18 10 -nan
1 11 -nan
2 11 -nan
3 11 -nan
4 11 -nan
5 11 -nan
6 11 -nan
7 11 -nan
8 11 -nan
9 11 -nan
10 11 -nan
11 11 -nan
12 11 -nan
13 11 -nan
14 11 -nan
15 11 -nan
16 11 -nan
17 11 -nan
18 11 -nan
1 12 -nan
2 12 -nan
3 12 -nan
4 12 -nan
5 12 -nan
6 12 -nan
7 12 -nan
8 12 -nan
9 12 -nan
10 12 -nan
11 12 -nan
12 12 -nan
13 12 -nan
14 12 -nan
15 12 -nan
16 12 -nan
17 12 -nan
18 12 -nan
7 13 -nan
8 13 -nan
9 13 -nan
10 13 -nan
11 13 -nan
12 13 -nan
13 13 -nan
14 13 -nan
15 13 -nan
16 13 -nan
17 13 -nan
18 13 -nan
19 13 -nan
20 13 -nan
21 13 -nan
22 13 -nan
23 13 -nan
24 13 -nan
7 14 -nan
8 14 -nan
9 14 -nan
10 14 -nan
11 14 -nan
12 14 -nan
13 14 -nan
14 14 -nan
15 14 -nan
16 14 -nan
17 14 -nan
18 14 -nan
19 14 -nan
20 14 -nan
21 14 -nan
22 14 -nan
23 14 -nan
24 14 -nan
7 15 -nan
8 15 -nan
9 15 -nan
10 15 -nan
11 15 -nan
12 15 -nan
13 15 -nan
14 15 -nan
15 15 -nan
16 15 -nan
17 15 -nan
18 15 -nan
19 15 -nan
20 15 -nan
21 15 -nan
22 15 -nan
23 15 -nan
24 15 -nan
7 16 -nan
8 16 -nan
9 16 -nan
10 16 -nan
11 16 -nan
12 16 -nan
13 16 -nan
14 16 -nan
15 16 -nan
16 16 -nan
17 16 -nan
18 16 -nan
19 16 -nan
20 16 -nan
21 16 -nan
22 16 -nan
23 16 -nan
24 16 -nan
7 17 -nan
8 17 -nan
9 17 -nan
10 17 -nan
11 17 -nan
12 17 -nan
13 17 -nan
14 17 -nan
15 17 -nan
16 17 -nan
17 17 -nan
18 17 -nan
19 17 -nan
20 17 -nan
21 17 -nan
22 17 -nan
23 17 -nan
24 17 -nan
7 18 -nan
8 18 -nan
9 18 -nan
10 18 -nan
11 18 -nan
12 18 -nan
13 18 -nan
14 18 -nan
15 18 -nan
16 18 -nan
17 18 -nan
18 18 -nan
19 18 -nan
20 18 -nan
21 18 -nan
22 18 -nan
23 18 -nan
24 18 -nan
13 19 -nan
14 19 -nan
15 19 -nan
16 19 -nan
17 19 -nan
18 19 -nan
19 19 -nan
20 19 -nan
21 19 -nan
22 19 -nan
23 19 -nan
24 19 -nan
25 19 -nan
26 19 -nan
27 19 -nan
28 19 -nan
29 19 -nan
30 19 -nan
13 20 -nan
14 20 -nan
15 20 -nan
16 20 -nan
17 20 -nan
18 20 -nan
19 20 -nan
20 20 -nan
21 20 -nan
22 20 -nan
23 20 -nan
24 20 -nan
25 20 -nan
26 20 -nan
27 20 -nan
28 20 -nan
29 20 -nan
30 20 -nan
13 21 -nan
14 21 -nan
15 21 -nan
16 21 -nan
17 21 -nan
18 21 -nan
19 21 -nan
20 21 -nan
21 21 -nan
22 21 -nan
23 21 -nan
24 21 -nan
25 21 -nan
26 21 -nan
27 21 -nan
28 21 -nan
29 21 -nan
30 21 -nan
13 22 -nan
14 22 -nan
15 22 -nan
16 22 -nan
17 22 -nan
18 22 -nan
19 22 -nan
20 22 -nan
21 22 -nan
22 22 -nan
23 22 -nan
24 22 -nan
25 22 -nan
26 22 -nan
27 22 -nan
28 22 -nan
29 22 -nan
30 22 -nan
13 23 -nan
14 23 -nan
15 23 -nan
16 23 -nan
17 23 -nan
18 23 -nan
19 23 -nan
20 23 -nan
21 23 -nan
22 23 -nan
23 23 -nan
24 23 -nan
25 23 -nan
26 23 -nan
27 23 -nan
28 23 -nan
29 23 -nan
30 23 -nan
13 24 -nan
14 24 -nan
15 24 -nan
16 24 -nan
17 24 -nan
18 24 -nan
19 24 -nan
20 24 -nan
21 24 -nan
22 24 -nan
23 24 -nan
24 24 -nan
25 24 -nan
26 24 -nan
27 24 -nan
28 24 -nan
29 24 -nan
30 24 -nan
19 25 -nan
20 25 -nan
21 25 -nan
22 25 -nan
23 25 -nan
24 25 -nan
25 25 -nan
26 25 -nan
27 25 -nan
28 25 -nan
29 25 -nan
30 25 -nan
31 25 -nan
32 25 -nan
33 25 -nan
34 25 -nan
35 25 -nan
36 25 -nan
19 26 -nan
20 26 -nan
21 26 -nan
22 26 -nan
23 26 -nan
24 26 -nan
25 26 -nan
26 26 -nan
27 26 -nan
28 26 -nan
29 26 -nan
30 26 -nan
31 26 -nan
32 26 -nan
33 26 -nan
34 26 -nan
35 26 -nan
36 26 -nan
19 27 -nan
20 27 -nan
21 27 -nan
22 27 -nan
23 27 -nan
24 27 -nan
25 27 -nan
26 27 -nan
27 27 -nan
28 27 -nan
29 27 -nan
30 27 -nan
31 27 -nan
32 27 -nan
33 27 -nan
34 27 -nan
35 27 -nan
36 27 -nan
19 28 -nan
20 28 -nan
21 28 -nan
22 28 -nan
23 28 -nan
24 28 -nan
25 28 -nan
26 28 -nan
27 28 -nan
28 28 -nan
29 28 -nan
30 28 -nan
31 28 -nan
32 28 -nan
33 28 -nan
34 28 -nan
35 28 -nan
36 28 -nan
19 29 -nan
20 29 -nan
21 29 -nan
22 29 -nan
23 29 -nan
24 29 -nan
25 29 -nan
26 29 -nan
27 29 -nan
28 29 -nan
29 29 -nan
30 29 -nan
31 29 -nan
32 29 -nan
33 29 -nan
34 29 -nan
35 29 -nan
36 29 -nan
19 30 -nan
20 30 -nan
21 30 -nan
22 30 -nan
23 30 -nan
24 30 -nan
25 30 -nan
26 30 -nan
27 30 -nan
28 30 -nan
29 30 -nan
30 30 -nan
31 30 -nan
32 30 -nan
33 30 -nan
34 30 -nan
35 30 -nan
36 30 -nan
25 31 -nan
26 31 -nan
27 31 -nan
28 31 -nan
29 31 -nan
30 31 -nan
31 31 -nan
32 31 -nan
33 31 -nan
34 31 -nan
35 31 -nan
36 31 -nan
37 31 -nan
38 31 -nan
39 31 -nan
40 31 -nan
41 31 -nan
42 31 -nan
25 32 -nan
26 32 -nan
27 32 -nan
28 32 -nan
29 32 -nan
30 32 -nan
31 32 -nan
32 32 -nan
33 32 -nan
34 32 -nan
35 32 -nan
36 32 -nan
37 32 -nan
38 32 -nan
39 32 -nan
40 32 -nan
41 32 -nan
42 32 -nan
25 33 -nan
26 33 -nan
27 33 -nan
28 33 -nan
29 33 -nan
30 33 -nan
31 33 -nan
32 33 -nan
33 33 -nan
34 33 -nan
35 33 -nan
36 33 -nan
37 33 -nan
38 33 -nan
39 33 -nan
40 33 -nan
41 33 -nan
42 33 -nan
25 34 -nan
26 34 -nan
27 34 -nan
28 34 -nan
29 34 -nan
30 34 -nan
31 34 -nan
32 34 -nan
33 34 -nan
34 34 -nan
35 34 -nan
36 34 -nan
37 34 -nan
38 34 -nan
39 34 -nan
40 34 -nan
41 34 -nan
42 34 -nan
25 35 -nan
26 35 -nan
27 35 -nan
28 35 -nan
29 35 -nan
30 35 -nan
31 35 -nan
32 35 -nan
33 35 -nan
34 35 -nan
35 35 -nan
36 35 -nan
37 35 -nan
38 35 -nan
39 35 -nan
40 35 -nan
41 35 -nan
42 35 -nan
25 36 -nan
26 36 -nan
27 36 -nan
28 36 -nan
29 36 -nan
30 36 -nan
31 36 -nan
32 36 -nan
33 36 -nan
34 36 -nan
35 36 -nan
36 36 -nan
37 36 -nan
38 36 -nan
39 36 -nan
40 36 -nan
41 36 -nan
42 36 -nan
31 37 -nan
32 37 -nan
33 37 -nan
34 37 -nan
35 37 -nan
36 37 -nan
37 37 -nan
38 37 -nan
39 37 -nan
40 37 -nan
41 37 -nan
42 37 -nan
43 37 -nan
44 37 -nan
45 37 -nan
46 37 -nan
47 37 -nan
48 37 -nan
31 38 -nan
32 38 -nan
33 38 -nan
34 38 -nan
35 38 -nan
36 38 -nan
37 38 -nan
38 38 -nan
39 38 -nan
40 38 -nan
41 38 -nan
42 38 -nan
43 38 -nan
44 38 -nan
45 38 -nan
46 38 -nan
47 38 -nan
48 38 -nan
31 39 -nan
32 39 -nan
33 39 -nan
34 39 -nan
35 39 -nan
36 39 -nan
37 39 -nan
38 39 -nan
39 39 -nan
40 39 -nan
41 39 -nan
42 39 -nan
43 39 -nan
44 39 -nan
45 39 -nan
46 39 -nan
47 39 -nan
48 39 -nan
31 40 -nan
32 40 -nan
33 40 -nan
34 40 -nan
35 40 -nan
36 40 -nan
37 40 -nan
38 40 -nan
39 40 -nan
40 40 -nan
41 40 -nan
42 40 -nan
43 40 -nan
44 40 -nan
45 40 -nan
46 40 -nan
47 40 -nan
48 40 -nan
31 41 -nan
32 41 -nan
33 41 -nan
34 41 -nan
35 41 -nan
36 41 -nan
37 41 -nan
38 41 -nan
39 41 -nan
40 41 -nan
41 41 -nan
42 41 -nan
43 41 -nan
44 41 -nan
45 41 -nan
46 41 -nan
47 41 -nan
48 41 -nan
31 42 -nan
32 42 -nan
33 42 -nan
34 42 -nan
35 42 -nan
36 42 -nan
37 42 -nan
38 42 -nan
39 42 -nan
40 42 -nan
41 42 -nan
42 42 -nan
43 42 -nan
44 42 -nan
45 42 -nan
46 42 -nan
47 42 -nan
48 42 -nan
37 43 -nan
38 43 -nan
39 43 -nan
40 43 -nan
41 43 -nan
42 43 -nan
43 43 -nan
44 43 -nan
45 43 -nan
46 43 -nan
47 43 -nan
48 43 -nan
49 43 -nan
50 43 -nan
51 43 -nan
52 43 -nan
53 43 -nan
54 43 -nan
37 44 -nan
38 44 -nan
39 44 -nan
40 44 -nan
41 44 -nan
