%YAML:1.0
Matching 4 : [ 1, 2, 3, 4, 7, 8, 10, 11, 12, 13, 14, 16, 17, 18, 19, 20,
    23, 24, 25, 26, 27, 28, 29, 30, 32, 33, 34, 35, 36, 37 ]
Matching 4 : [ 1, 2, 3, 5, 7, 8, 9, 10, 11, 12, 13, 14, 16, 18, 20, 22,
    24, 25, 26, 27, 29, 30, 32, 34, 35, 37, 38, 39, 41, 43 ]
Matching 4 : [ 2, 3, 4, 5, 6, 7, 9, 10, 11, 12, 13, 14, 15, 17, 20, 21,
    27, 29, 30, 31, 32, 33, 35, 36, 37, 38, 41, 42, 43, 44 ]
Matching 4 : [ 2, 3, 4, 5, 7, 8, 9, 10, 11, 12, 13, 14, 16, 19, 20, 23,
    24, 27, 30, 31, 32, 33, 34, 36, 37, 38, 41, 42, 43, 44 ]
Matching 4 : [ 2, 3, 4, 5, 6, 7, 8, 9, 10, 11, 12, 13, 16, 19, 27, 28,
    30, 31, 32, 33, 34, 37, 40, 41, 42, 43, 46, 52, 55, 57 ]
Matching 4 : [ 2, 3, 7, 8, 9, 10, 11, 12, 19, 24, 27, 30, 31, 32, 36, 37,
    41, 42, 43, 44, 45, 46, 51, 52, 54, 55, 57, 64, 67 ]
