%YAML:1.0
Matching -1 : [ 0, 1, 2, 6, 7, 9, 11, 13, 14, 16, 17, 18, 21, 20, 21, 22,
    23, 27, 28, 30, 32, 34, 36, 37, 39, 38, 40, 42, 41, 44 ]
Matching -1 : [ 0, 1, 3, 2, 5, 6, 8, 10, 16, 12, 11, 13, 19, 17, 19, 20,
    18, 21, 22, 25, 27, 31, 32, 36, 37, 38, 41, 40, 42, 44 ]
Matching -1 : [ 0, 1, 3, 6, 7, 8, 9, 11, 14, 17, 17, 20, 16, 23, 21, 26,
    25, 27, 20, 29, 30, 33, 32, 35, 37, 36, 38, 43, 40, 45 ]
Matching -1 : [ 0, 1, 3, 6, 8, 9, 10, 11, 14, 13, 12, 16, 15, 15, 20, 17,
    22, 21, 25, 27, 30, 29, 32, 34, 35, 36, 38, 37, 39, 44 ]
