%YAML:1.0
Matching -1 : [ 1, 2, 3, 4, 6, 7, 10, 13, 14, 15, 16, 18, 20, 19, 21, 22,
    27, 24, 26, 28, 29, 31, 32, 33, 34, 36, 36, 35, 37, 38 ]
Matching -1 : [ 1, 2, 4, 5, 6, 7, 9, 11, 14, 15, 17, 16, 20, 19, 22, 23,
    24, 25, 26, 27, 29, 30, 31, 34, 33, 35, 36, 37, 39, 40 ]
Matching -1 : [ 2, 3, 4, 5, 6, 7, 10, 11, 14, 13, 15, 19, 17, 21, 23, 20,
    25, 27, 28, 29, 30, 31, 32, 33, 34, 35, 38, 37, 39, 41 ]
Matching -1 : [ 2, 3, 4, 5, 6, 8, 10, 11, 10, 13, 14, 17, 18, 21, 24, 25,
    23, 26, 29, 31, 32, 34, 34, 35, 36, 38, 40, 37, 41, 43 ]
Matching -1 : [ 2, 4, 3, 5, 6, 7, 9, 11, 12, 11, 13, 15, 19, 21, 25, 29,
    28, 30, 31, 32, 32, 34, 37, 38, 36, 39, 44, 49, 50, 42 ]
Matching -1 : [ 2, 4, 6, 8, 10, 11, 10, 12, 20, 23, 25, 27, 28, 30, 34,
    36, 40, 37, 39, 45, 48, 42, 60, 47, 61, 53, 43, 41, 64 ]
